(0 53)(1 54)(2 55)(3 56)(4 57)(5 58)(6 59)(7 60)(8 61)(9 62)(10 63)(11 64)(12 65)(13 66)(14 67)(15 68)(16 69)(17 70)(18 71)(19 72)(20 73)(21 74)(22 75)(23 76)(24 77)(25 78)(26 79)
(0 18)(1 19)(2 20)(3 21)(4 22)(5 23)(6 24)(7 25)(8 26)(27 44)(28 45)(29 46)(30 47)(31 48)(32 49)(33 50)(34 51)(35 52)(53 71)(54 72)(55 73)(56 74)(57 75)(58 76)(59 77)(60 78)(61 79)
(0 6)(1 7)(2 8)(9 15)(10 16)(11 17)(18 24)(19 25)(20 26)(27 33)(28 34)(29 35)(36 41)(37 42)(38 43)(44 50)(45 51)(46 52)(53 59)(54 60)(55 61)(62 68)(63 69)(64 70)(71 77)(72 78)(73 79)
(0 2)(3 5)(6 8)(9 11)(12 14)(15 17)(18 20)(21 23)(24 26)(27 29)(30 32)(33 35)(36 38)(39 40)(41 43)(44 46)(47 49)(50 52)(53 55)(56 58)(59 61)(62 64)(65 67)(68 70)(71 73)(74 76)(77 79)
(9 27)(10 28)(11 29)(12 30)(13 31)(14 32)(15 33)(16 34)(17 35)(18 53)(19 54)(20 55)(21 56)(22 57)(23 58)(24 59)(25 60)(26 61)(44 62)(45 63)(46 64)(47 65)(48 66)(49 67)(50 68)(51 69)(52 70)
(3 27)(4 28)(5 29)(6 53)(7 54)(8 55)(12 36)(13 37)(14 38)(15 62)(16 63)(17 64)(21 44)(22 45)(23 46)(24 71)(25 72)(26 73)(33 56)(34 57)(35 58)(41 65)(42 66)(43 67)(50 74)(51 75)(52 76)
(1 27)(2 53)(4 30)(5 56)(7 33)(8 59)(10 36)(11 62)(13 39)(14 65)(16 41)(17 68)(19 44)(20 71)(22 47)(23 74)(25 50)(26 77)(29 54)(32 57)(35 60)(38 63)(40 66)(43 69)(46 72)(49 75)(52 78)
(3 9)(4 10)(5 11)(6 18)(7 19)(8 20)(15 21)(16 22)(17 23)(30 36)(31 37)(32 38)(33 44)(34 45)(35 46)(41 47)(42 48)(43 49)(56 62)(57 63)(58 64)(59 71)(60 72)(61 73)(68 74)(69 75)(70 76)
(1 9)(2 18)(4 12)(5 21)(7 15)(8 24)(11 19)(14 22)(17 25)(28 36)(29 44)(31 39)(32 47)(34 41)(35 50)(38 45)(40 48)(43 51)(54 62)(55 71)(57 65)(58 74)(60 68)(61 77)(64 72)(67 75)(70 78)
(1 3)(2 6)(5 7)(10 12)(11 15)(14 16)(19 21)(20 24)(23 25)(28 30)(29 33)(32 34)(37 39)(38 41)(40 42)(45 47)(46 50)(49 51)(54 56)(55 59)(58 60)(63 65)(64 68)(67 69)(72 74)(73 77)(76 78)
